K1 1,20 2,20
K2 6,80 2,20
K3 9,00 2,20
K4 14,60 2,20
K5 20,40 2,20
K6 26,00 2,20
K7 27,50 2,20
K8 33,10 2,20
K9 0,00 0,00
K10 1,20 0,00
K11 1,30 0,00
K12 3,40 0,00
K13 3,30 0,00
K14 6,80 0,00
K15 7,60 0,00
K17 9,00 0,00
K20 12,20 0,00
K21 14,20 0,00
K22 14,60 0,00
K23 15,90 0,00
K24 16,50 0,00
K25 17,50 0,00
K26 19,10 0,00
K27 20,40 0,00
K28 21,10 0,00
K29 22,00 0,00
K30 22,80 0,00
K31 23,10 0,00
K32 26,00 0,00
K33 26,10 0,00
K34 27,00 0,00
K35 27,50 0,00
K36 27,70 0,00
K37 29,70 0,00
K38 30,90 0,00
K39 31,40 0,00
K40 32,90 0,00
K41 33,10 0,00
K42 33,80 0,00
K43 34,70 0,00
K44 35,40 0,00
K45 18,00 -1,70
K46 19,10 ­1,70
K48 3,40 ­2,40
K51 7,60 ­2,40
K55 15,90 ­2,40
K57 17,50 ­2,40
K59 22,00 ­2,40
K63 26,10 ­2,40
K65 27,70 ­2,40
K67 29,70 ­2,40
K69 33,80 ­2,40
K71 35,40 ­2,40
K72 0,00 ­4,20
K74 7,60 ­4,20
K79 19,10 ­4,00
K84 16,50 ­4,20
K85 18,00 ­4,20
K88 34,70 ­4,00
K95 18,00 ­6,50
K96 19,10 ­6,50
K110 0,00 ­9,20 Lag3
K113 7,60 ­9,20
K115 10,20 ­9,20
K117 16,50 ­9,20
K118 19,10 ­9,20
K119 24,30 ­9,20
K121 27,00 ­9,20
K122 31,20 ­9,20
K123 34,70 ­9,20 Lag3
K124 0,00 ­11,00
K125 7,50 ­11,00
K126 10,20 ­11,00
K127 16,50 ­11,00
K128 19,10 ­11,00
K129 24,30 ­11,00
K130 27,00 ­11,00
K131 34,70 ­11,00
137 5,20 ­9,20
141 29,20 ­9,20
138 16,50 ­6,80
139 4,10 ­4,20 Lag3
140 11,60 ­4,20 Lag3
142 14,20 ­6,80
143 14,20 ­9,20
144 27,00 ­4,00
146 23,70 ­4,00 Lag3
100 4,00 ­9,20
101 30,60 ­4,00 Lag3
102 29,20 ­4,00
103 5,40 ­4,20
104 0,00 ­8,00
105 34,70 ­8,00
